accuracy
0.881159420289855
